image: ground_map1.png
resolution: 0.050000
origin: [-4.374340, -10.421735, 0.000000]
negate: 0
occupied_thresh: 0.65
free_thresh: 0.196

